Orientation: 0.00
Index	Theta	Radius	Density

===================================================
Orientation: 10.00
Index	Theta	Radius	Density
0	10.000	15.06	1.0000
1	10.000	15.06	1.0000
2	10.000	15.07	1.0000
3	10.000	15.08	1.0000
4	10.000	15.09	1.0000
5	10.000	15.09	1.0000

===================================================
Orientation: 20.00
Index	Theta	Radius	Density
0	20.000	15.06	1.0000
1	20.000	15.06	1.0000
2	20.000	15.11	1.0000
3	20.000	15.11	1.0000
4	20.000	15.14	1.0000
5	20.000	15.14	1.0000
6	20.000	15.15	1.0000
7	20.000	15.15	1.0000

===================================================
Orientation: 30.00
Index	Theta	Radius	Density
0	30.000	15.10	1.0000
1	30.000	15.10	1.0000
2	30.000	15.13	1.0000
3	30.000	15.13	1.0000
4	30.000	15.16	1.0000
5	30.000	15.16	1.0000
6	30.000	15.18	1.0000
7	30.000	15.18	1.0000
8	30.000	15.19	1.0000
9	30.000	15.19	1.0000
10	30.000	15.20	1.0000
11	30.000	15.20	1.0000

===================================================
Orientation: 40.00
Index	Theta	Radius	Density
0	40.000	15.19	1.0000
1	40.000	15.19	1.0000
2	40.000	15.21	1.0000
3	40.000	15.21	1.0000
4	40.000	15.22	1.0000
5	40.000	15.22	1.0000
6	40.000	15.24	1.0000
7	40.000	15.24	1.0000
8	40.000	15.25	1.0000
9	40.000	15.25	1.0000
10	40.000	15.27	1.0000
11	40.000	15.27	1.0000
12	40.000	15.28	1.0000
13	40.000	15.28	1.0000
14	40.000	15.29	1.0000
15	40.000	15.29	1.0000
16	40.000	15.30	1.0000
17	40.000	15.30	1.0000

===================================================
Orientation: 50.00
Index	Theta	Radius	Density
0	50.000	15.26	1.0000
1	50.000	15.26	1.0000
2	50.000	15.28	1.0000
3	50.000	15.28	1.0000
4	50.000	15.30	1.0000
5	50.000	15.30	1.0000
6	50.000	15.31	1.0000
7	50.000	15.31	1.0000
8	50.000	15.32	1.0000
9	50.000	15.32	1.0000
10	50.000	15.34	1.0000
11	50.000	15.34	1.0000
12	50.000	15.34	1.0000
13	50.000	15.34	1.0000
14	50.000	15.35	1.0000
15	50.000	15.35	1.0000
16	50.000	15.37	1.0000
17	50.000	15.37	1.0000
18	50.000	15.38	1.0000
19	50.000	15.38	1.0000
20	50.000	15.39	1.0000
21	50.000	15.39	1.0000
22	50.000	15.39	1.0000
23	50.000	15.39	1.0000
24	50.000	15.40	1.0000
25	50.000	15.40	1.0000
26	50.000	15.40	1.0000
27	50.000	15.40	1.0000
28	50.000	15.41	1.0000
29	50.000	15.41	1.0000
30	50.000	15.41	1.0000
31	50.000	15.41	1.0000
32	50.000	15.42	1.0000

===================================================
Orientation: 60.00
Index	Theta	Radius	Density
0	60.000	15.38	1.0000
1	60.000	15.40	1.0000
2	60.000	15.40	1.0000
3	60.000	15.41	1.0000
4	60.000	15.41	1.0000
5	60.000	15.41	1.0000
6	60.000	15.41	1.0000
7	60.000	15.42	1.0000
8	60.000	15.42	1.0000
9	60.000	15.43	1.0000
10	60.000	15.43	1.0000
11	60.000	15.43	1.0000
12	60.000	15.43	1.0000
13	60.000	15.44	1.0000
14	60.000	15.44	1.0000
15	60.000	15.45	1.0000
16	60.000	15.45	1.0000
17	60.000	15.46	1.0000
18	60.000	15.46	1.0000
19	60.000	15.46	1.0000
20	60.000	15.46	1.0000
21	60.000	15.47	1.0000
22	60.000	15.47	1.0000
23	60.000	15.47	1.0000
24	60.000	15.47	1.0000
25	60.000	15.48	1.0000
26	60.000	15.48	1.0000
27	60.000	15.48	1.0000
28	60.000	15.48	1.0000
29	60.000	15.49	1.0000
30	60.000	15.49	1.0000
31	60.000	15.49	1.0000
32	60.000	15.49	1.0000
33	60.000	15.50	1.0000
34	60.000	15.50	1.0000
35	60.000	15.50	1.0000
36	60.000	15.50	1.0000
37	60.000	15.51	1.0000
38	60.000	15.51	1.0000
39	60.000	15.51	1.0000
40	60.000	15.51	1.0000
41	60.000	15.52	1.0000
42	60.000	15.52	1.0000
43	60.000	15.52	1.0000
44	60.000	15.52	1.0000
45	60.000	15.53	1.0000
46	60.000	15.53	1.0000
47	60.000	15.53	1.0000
48	60.000	15.53	1.0000
49	60.000	15.53	1.0000
50	60.000	15.53	1.0000
51	60.000	15.54	1.0000
52	60.000	15.54	1.0000
53	60.000	15.54	1.0000
54	60.000	15.54	1.0000
55	60.000	15.54	1.0000
56	60.000	15.54	1.0000
57	60.000	15.55	1.0000
58	60.000	15.55	1.0000
59	60.000	15.55	1.0000
60	60.000	15.55	1.0000
61	60.000	15.55	1.0000
62	60.000	15.55	1.0000
63	60.000	15.56	1.0000
64	60.000	15.56	1.0000
65	60.000	15.56	1.0000

===================================================
Orientation: 70.00
Index	Theta	Radius	Density
0	70.000	15.52	1.0000
1	70.000	15.52	1.0000
2	70.000	15.53	1.0000
3	70.000	15.53	1.0000
4	70.000	15.53	1.0000
5	70.000	15.53	1.0000
6	70.000	15.54	1.0000
7	70.000	15.54	1.0000
8	70.000	15.54	1.0000
9	70.000	15.54	1.0000
10	70.000	15.54	1.0000
11	70.000	15.54	1.0000
12	70.000	15.55	1.0000
13	70.000	15.55	1.0000
14	70.000	15.55	1.0000
15	70.000	15.55	1.0000
16	70.000	15.56	1.0000
17	70.000	15.56	1.0000
18	70.000	15.56	1.0000
19	70.000	15.56	1.0000
20	70.000	15.56	1.0000
21	70.000	15.56	1.0000
22	70.000	15.57	1.0000
23	70.000	15.57	1.0000
24	70.000	15.57	1.0000
25	70.000	15.57	1.0000
26	70.000	15.57	1.0000
27	70.000	15.57	1.0000
28	70.000	15.58	1.0000
29	70.000	15.58	1.0000
30	70.000	15.58	1.0000
31	70.000	15.58	1.0000
32	70.000	15.58	1.0000
33	70.000	15.58	1.0000
34	70.000	15.59	1.0000
35	70.000	15.59	1.0000
36	70.000	15.59	1.0000
37	70.000	15.59	1.0000
38	70.000	15.59	1.0000
39	70.000	15.59	1.0000
40	70.000	15.60	1.0000
41	70.000	15.60	1.0000
42	70.000	15.60	1.0000
43	70.000	15.60	1.0000
44	70.000	15.60	1.0000
45	70.000	15.60	1.0000
46	70.000	15.60	1.0000
47	70.000	15.60	1.0000
48	70.000	15.61	1.0000
49	70.000	15.61	1.0000
50	70.000	15.61	1.0000
51	70.000	15.61	1.0000
52	70.000	15.61	1.0000
53	70.000	15.61	1.0000
54	70.000	15.62	1.0000
55	70.000	15.62	1.0000
56	70.000	15.62	1.0000
57	70.000	15.62	1.0000
58	70.000	15.62	1.0000
59	70.000	15.62	1.0000
60	70.000	15.62	1.0000
61	70.000	15.62	1.0000
62	70.000	15.63	1.0000
63	70.000	15.63	1.0000
64	70.000	15.63	1.0000
65	70.000	15.63	1.0000
66	70.000	15.63	1.0000
67	70.000	15.63	1.0000
68	70.000	15.63	1.0000
69	70.000	15.63	1.0000
70	70.000	15.64	1.0000
71	70.000	15.64	1.0000
72	70.000	15.64	1.0000
73	70.000	15.64	1.0000
74	70.000	15.64	1.0000
75	70.000	15.64	1.0000
76	70.000	15.64	1.0000
77	70.000	15.64	1.0000
78	70.000	15.65	1.0000
79	70.000	15.65	1.0000
80	70.000	15.65	1.0000
81	70.000	15.65	1.0000
82	70.000	15.65	1.0000
83	70.000	15.65	1.0000
84	70.000	15.66	1.0000
85	70.000	15.66	1.0000
86	70.000	15.66	1.0000
87	70.000	15.66	1.0000
88	70.000	15.66	1.0000
89	70.000	15.66	1.0000
90	70.000	15.66	1.0000
91	70.000	15.66	1.0000
92	70.000	15.67	1.0000
93	70.000	15.67	1.0000
94	70.000	15.67	1.0000
95	70.000	15.67	1.0000
96	70.000	15.67	1.0000
97	70.000	15.67	1.0000
98	70.000	15.67	1.0000
99	70.000	15.67	1.0000

===================================================
Orientation: 80.00
Index	Theta	Radius	Density
0	80.000	15.61	1.0000
1	80.000	15.61	1.0000
2	80.000	15.61	1.0000
3	80.000	15.61	1.0000
4	80.000	15.61	1.0000
5	80.000	15.62	1.0000
6	80.000	15.62	1.0000
7	80.000	15.63	1.0000
8	80.000	15.63	1.0000
9	80.000	15.63	1.0000
10	80.000	15.63	1.0000
11	80.000	15.64	1.0000
12	80.000	15.64	1.0000
13	80.000	15.64	1.0000
14	80.000	15.64	1.0000
15	80.000	15.65	1.0000
16	80.000	15.65	1.0000
17	80.000	15.65	1.0000
18	80.000	15.65	1.0000
19	80.000	15.65	1.0000
20	80.000	15.66	1.0000
21	80.000	15.66	1.0000
22	80.000	15.66	1.0000
23	80.000	15.66	1.0000
24	80.000	15.67	1.0000
25	80.000	15.67	1.0000
26	80.000	15.67	1.0000
27	80.000	15.67	1.0000
28	80.000	15.68	1.0000
29	80.000	15.68	1.0000
30	80.000	15.68	1.0000
31	80.000	15.69	1.0000
32	80.000	15.69	1.0000
33	80.000	15.69	1.0000
34	80.000	15.69	1.0000
35	80.000	15.69	1.0000
36	80.000	15.70	1.0000
37	80.000	15.70	1.0000
38	80.000	15.70	1.0000
39	80.000	15.70	1.0000
40	80.000	15.70	1.0000
41	80.000	15.70	1.0000
42	80.000	15.71	1.0000
43	80.000	15.71	1.0000
44	80.000	15.71	1.0000
45	80.000	15.71	1.0000
46	80.000	15.71	1.0000
47	80.000	15.71	1.0000
48	80.000	15.71	1.0000
49	80.000	15.72	1.0000
50	80.000	15.72	1.0000
51	80.000	15.72	1.0000
52	80.000	15.72	1.0000
53	80.000	15.72	1.0000
54	80.000	15.72	1.0000
55	80.000	15.72	1.0000
56	80.000	15.72	1.0000
57	80.000	15.72	1.0000
58	80.000	15.72	1.0000
59	80.000	15.72	1.0000
60	80.000	15.72	1.0000
61	80.000	15.73	1.0000
62	80.000	15.73	1.0000
63	80.000	15.73	1.0000
64	80.000	15.73	1.0000
65	80.000	15.73	1.0000
66	80.000	15.73	1.0000
67	80.000	15.73	1.0000
68	80.000	15.73	1.0000
69	80.000	15.73	1.0000
70	80.000	15.73	1.0000

===================================================
Orientation: 90.00
Index	Theta	Radius	Density

===================================================
