# Name 	Px	Py	Pz	Vx	Vy	Vz	Density	Temperature	
#
Barrel, Default [ Default ]	0.109375	7.984375	0.546875	-57.03125	399.21875	27.34375	6.4	500.0	
Barrel, Default [ Default ]	0.109375	7.984375	0.765625	-57.03125	399.21875	38.28125	6.4	500.0	
Barrel, Default [ Default ]	0.109375	7.984375	0.984375	-57.03125	399.21875	49.21875	6.4	500.0	
Barrel, Default [ Default ]	0.109375	7.984375	1.203125	-57.03125	399.21875	60.15625	6.4	500.0	
Barrel, Default [ Default ]	0.109375	7.984375	1.421875	-57.03125	399.21875	71.09375	6.4	500.0	
Barrel, Default [ Default ]	0.328125	7.984375	0.546875	-46.09375	399.21875	27.34375	6.4	500.0	
Barrel, Default [ Default ]	0.328125	7.984375	0.765625	-46.09375	399.21875	38.28125	6.4	500.0	
Barrel, Default [ Default ]	0.328125	7.984375	0.984375	-46.09375	399.21875	49.21875	6.4	500.0	
Barrel, Default [ Default ]	0.328125	7.984375	1.203125	-46.09375	399.21875	60.15625	6.4	500.0	
Barrel, Default [ Default ]	0.328125	7.984375	1.421875	-46.09375	399.21875	71.09375	6.4	500.0	
Barrel, Default [ Default ]	0.546875	7.984375	0.546875	-35.15625	399.21875	27.34375	6.4	500.0	
Barrel, Default [ Default ]	0.546875	7.984375	0.765625	-35.15625	399.21875	38.28125	6.4	500.0	
Barrel, Default [ Default ]	0.546875	7.984375	0.984375	-35.15625	399.21875	49.21875	6.4	500.0	
Barrel, Default [ Default ]	0.546875	7.984375	1.203125	-35.15625	399.21875	60.15625	6.4	500.0	
Barrel, Default [ Default ]	0.546875	7.984375	1.421875	-35.15625	399.21875	71.09375	6.4	500.0	
Barrel, Default [ Default ]	0.765625	7.984375	0.546875	-24.21875	399.21875	27.34375	6.4	500.0	
Barrel, Default [ Default ]	0.765625	7.984375	0.765625	-24.21875	399.21875	38.28125	6.4	500.0	
Barrel, Default [ Default ]	0.765625	7.984375	0.984375	-24.21875	399.21875	49.21875	6.4	500.0	
Barrel, Default [ Default ]	0.765625	7.984375	1.203125	-24.21875	399.21875	60.15625	6.4	500.0	
Barrel, Default [ Default ]	0.765625	7.984375	1.421875	-24.21875	399.21875	71.09375	6.4	500.0	
Barrel, Default [ Default ]	0.984375	7.984375	0.546875	-13.28125	399.21875	27.34375	6.4	500.0	
Barrel, Default [ Default ]	0.984375	7.984375	0.765625	-13.28125	399.21875	38.28125	6.4	500.0	
Barrel, Default [ Default ]	0.984375	7.984375	0.984375	-13.28125	399.21875	49.21875	6.4	500.0	
Barrel, Default [ Default ]	0.984375	7.984375	1.203125	-13.28125	399.21875	60.15625	6.4	500.0	
Barrel, Default [ Default ]	0.984375	7.984375	1.421875	-13.28125	399.21875	71.09375	6.4	500.0	
Barrel, Default [ Default ]	1.203125	7.984375	0.546875	-2.34375	399.21875	27.34375	6.4	500.0	
Barrel, Default [ Default ]	1.203125	7.984375	0.765625	-2.34375	399.21875	38.28125	6.4	500.0	
Barrel, Default [ Default ]	1.203125	7.984375	0.984375	-2.34375	399.21875	49.21875	6.4	500.0	
Barrel, Default [ Default ]	1.203125	7.984375	1.203125	-2.34375	399.21875	60.15625	6.4	500.0	
Barrel, Default [ Default ]	1.203125	7.984375	1.421875	-2.34375	399.21875	71.09375	6.4	500.0	
Barrel, Default [ Default ]	1.421875	7.984375	0.546875	8.59375	399.21875	27.34375	6.4	500.0	
Barrel, Default [ Default ]	1.421875	7.984375	0.765625	8.59375	399.21875	38.28125	6.4	500.0	
Barrel, Default [ Default ]	1.421875	7.984375	0.984375	8.59375	399.21875	49.21875	6.4	500.0	
Barrel, Default [ Default ]	1.421875	7.984375	1.203125	8.59375	399.21875	60.15625	6.4	500.0	
Barrel, Default [ Default ]	1.421875	7.984375	1.421875	8.59375	399.21875	71.09375	6.4	500.0	
Barrel, Default [ Default ]	1.640625	7.984375	0.546875	19.53125	399.21875	27.34375	6.4	500.0	
Barrel, Default [ Default ]	1.640625	7.984375	0.765625	19.53125	399.21875	38.28125	6.4	500.0	
Barrel, Default [ Default ]	1.640625	7.984375	0.984375	19.53125	399.21875	49.21875	6.4	500.0	
Barrel, Default [ Default ]	1.640625	7.984375	1.203125	19.53125	399.21875	60.15625	6.4	500.0	
Barrel, Default [ Default ]	1.640625	7.984375	1.421875	19.53125	399.21875	71.09375	6.4	500.0	
Barrel, Default [ Default ]	1.859375	7.984375	0.546875	30.46875	399.21875	27.34375	6.4	500.0	
Barrel, Default [ Default ]	1.859375	7.984375	0.765625	30.46875	399.21875	38.28125	6.4	500.0	
Barrel, Default [ Default ]	1.859375	7.984375	0.984375	30.46875	399.21875	49.21875	6.4	500.0	
Barrel, Default [ Default ]	1.859375	7.984375	1.203125	30.46875	399.21875	60.15625	6.4	500.0	
Barrel, Default [ Default ]	1.859375	7.984375	1.421875	30.46875	399.21875	71.09375	6.4	500.0	
Barrel, Default [ Default ]	2.078125	7.984375	0.546875	41.40625	399.21875	27.34375	6.4	500.0	
Barrel, Default [ Default ]	2.078125	7.984375	0.765625	41.40625	399.21875	38.28125	6.4	500.0	
Barrel, Default [ Default ]	2.078125	7.984375	0.984375	41.40625	399.21875	49.21875	6.4	500.0	
Barrel, Default [ Default ]	2.078125	7.984375	1.203125	41.40625	399.21875	60.15625	6.4	500.0	
Barrel, Default [ Default ]	2.078125	7.984375	1.421875	41.40625	399.21875	71.09375	6.4	500.0	
Barrel, Default [ Default ]	2.296875	7.984375	0.546875	52.34375	399.21875	27.34375	6.4	500.0	
Barrel, Default [ Default ]	2.296875	7.984375	0.765625	52.34375	399.21875	38.28125	6.4	500.0	
Barrel, Default [ Default ]	2.296875	7.984375	0.984375	52.34375	399.21875	49.21875	6.4	500.0	
Barrel, Default [ Default ]	2.296875	7.984375	1.203125	52.34375	399.21875	60.15625	6.4	500.0	
Barrel, Default [ Default ]	2.296875	7.984375	1.421875	52.34375	399.21875	71.09375	6.4	500.0	
barrelwest_copy, Default [ Default ]	4.484375	6.234375	0.984375	-25.78125	311.71875	49.21875	6.4	500.0	
barrelwest_copy, Default [ Default ]	4.484375	6.234375	1.203125	-25.78125	311.71875	60.15625	6.4	500.0	
barrelwest_copy, Default [ Default ]	4.703125	6.234375	0.984375	-14.84375	311.71875	49.21875	6.4	500.0	
barrelwest_copy, Default [ Default ]	4.703125	6.234375	1.203125	-14.84375	311.71875	60.15625	6.4	500.0	
barrelwest_copy, Default [ Default ]	4.921875	6.234375	0.546875	-3.90625	311.71875	27.34375	6.4	500.0	
barrelwest_copy, Default [ Default ]	4.921875	6.234375	0.765625	-3.90625	311.71875	38.28125	6.4	500.0	
barrelwest_copy, Default [ Default ]	4.921875	6.234375	0.984375	-3.90625	311.71875	49.21875	6.4	500.0	
barrelwest_copy, Default [ Default ]	4.921875	6.234375	1.203125	-3.90625	311.71875	60.15625	6.4	500.0	
barrelwest_copy, Default [ Default ]	5.140625	6.234375	0.109375	7.03125	311.71875	5.46875	6.4	500.0	
barrelwest_copy, Default [ Default ]	5.140625	6.234375	0.328125	7.03125	311.71875	16.40625	6.4	500.0	
barrelwest_copy, Default [ Default ]	5.140625	6.234375	0.546875	7.03125	311.71875	27.34375	6.4	500.0	
barrelwest_copy, Default [ Default ]	5.140625	6.234375	0.765625	7.03125	311.71875	38.28125	6.4	500.0	
barrelwest_copy, Default [ Default ]	5.140625	6.234375	0.984375	7.03125	311.71875	49.21875	6.4	500.0	
barrelwest_copy, Default [ Default ]	5.140625	6.234375	1.203125	7.03125	311.71875	60.15625	6.4	500.0	
barrelwest, Default [ Default ]	8.203125	5.796875	0.765625	10.15625	289.84375	38.28125	6.4	500.0	
barrelwest, Default [ Default ]	8.203125	5.796875	0.984375	10.15625	289.84375	49.21875	6.4	500.0	
barrelwest, Default [ Default ]	8.421875	5.796875	0.546875	21.09375	289.84375	27.34375	6.4	500.0	
barrelwest, Default [ Default ]	8.421875	5.796875	0.765625	21.09375	289.84375	38.28125	6.4	500.0	
barrelwest, Default [ Default ]	8.421875	5.796875	0.984375	21.09375	289.84375	49.21875	6.4	500.0	
barrelwest, Default [ Default ]	8.640625	5.796875	0.328125	32.03125	289.84375	16.40625	6.4	500.0	
barrelwest, Default [ Default ]	8.640625	5.796875	0.546875	32.03125	289.84375	27.34375	6.4	500.0	
barrelwest, Default [ Default ]	8.640625	5.796875	0.765625	32.03125	289.84375	38.28125	6.4	500.0	
barrelwest, Default [ Default ]	8.640625	5.796875	0.984375	32.03125	289.84375	49.21875	6.4	500.0	
Westpolar, Default [ Default ]	12.796875	3.609375	0.109375	14.84375	180.46875	5.46875	6.4	500.0	
Westpolar, Default [ Default ]	12.796875	3.609375	0.328125	14.84375	180.46875	16.40625	6.4	500.0	
Westpolar, Default [ Default ]	12.796875	3.609375	0.546875	14.84375	180.46875	27.34375	6.4	500.0	
Westpolar, Default [ Default ]	13.015625	3.609375	0.328125	25.78125	180.46875	16.40625	6.4	500.0	
Westpolar, Default [ Default ]	13.015625	3.609375	0.546875	25.78125	180.46875	27.34375	6.4	500.0	
Westpolar, Default [ Default ]	13.234375	3.609375	0.328125	36.71875	180.46875	16.40625	6.4	500.0	
Westpolar, Default [ Default ]	13.234375	3.609375	0.546875	36.71875	180.46875	27.34375	6.4	500.0	
Westpolar, Default [ Default ]	13.453133583068848	3.6093850135803223	0.5133130550384521	47.65666961669922	180.46925354003906	25.665653228759766	6.4	500.0	
Westpolar, Default [ Default ]	13.671879768371582	3.609379768371582	0.5830540060997009	58.59398651123047	180.468994140625	29.152700424194336	6.4	500.0	
